22
17
20
43
22
6
28
25
24
39
38
32
14
13
17
10
22
32
18
19
31
27
21
20
9
23
33
17
20
15
19
15
11
24
26
17
23
17
7
18
21
26
17
21
9
30
32
5
4
30
26
46
24
19
26
9
36
38
44
21
15
21
33
23
16
38
20
16
18
33
39
13
4
10
11
34
6
33
18
25
22
75
24
42
39
21
10
27
33
17
25
13
9
12
35
32
24
32
44
26
36
29
21
15
27
80
48
21
23
9
18
29
20
36
51
24
8
32
26
10
36
94
24
14
13
16
35
31
91
26
22
79
7
10
8
18
26
34
10
29
40
41
70
24
20
128
35
21
17
65
18
53
94
53
35
25
34
9
13
67
131
22
21
131
12
205
26
27
31
114
93
68
16
22
28
114
58
115
156
37
16
157
74
8
23
9
49
82
20
38
43
12
71
166
19
31
21
5
70
29
37
280
20
22
287
32
10
166
9
242
20
233
9
11
5
31
31
67
103
27
9
18
23
59
12
40
150
8
233
72
15
19
104
6
58
50
16
136
194
5
471
2
8
27
261
12
26
94
19
232
27
21
113
72
50
104
47
42
309
31
26
10
24
122
153
11
97
133
19
113
40
5
192
268
9
319
65
43
13
29
10
298
26
26
210
2
43
352
29
72
137
11
102
193
18
94
48
152
15
130
13
32
26
3
73
56
282
19
20
31
5
191
56
27
174
310
46
38
10
41
9
9
23
191
27
4
8
14
11
16
23
154
13
175
67
111
5
10
39
139
249
30
23
116
35
8
16
18
222
32
3
137
131
16
295
11
14
60
43
113
12
30
68
120
13
10
30
254
49
5
720
22
28
1
124
33
13
52
19
6
22
35
59
92
128
15
19
20
48
286
22
27
5
129
125
4
49
373
37
35
539
51
301
54
306
6
6
11
96
24
13
123
66
4
9
17
20
22
197
21
6
18
7
42
5
480
22
258
166
262
330
33
243
160
9
91
269
17
93
26
77
11
34
7
16
3
14
724
1
14
9
5
209
24
27
13
267
124
14
123
278
2
55
73
492
241
98
68
29
7
12
62
21
206
18
33
448
367
9
17
18
52
28
15
18
146
34
21
223
113
283
60
36
3
352
572
219
12
106
133
4
6
32
30
29
235
23
34
39
71
74
4
19
6
99
126
9
121
2
230
362
14
59
301
115
24
856
147
29
26
16
685
14
7
10
14
195
17
34
11
3
133
9
31
41
31
523
9
11
10
241
15
28
43
99
94
36
11
16
117
31
45
23
2
275
202
84
41
261
23
120
10
2
15
9
9
143
25
14
315
4
316
10
14
16
23
139
105
6
2
23
35
6
2
31
40
90
15
44
70
10
310
24
191
14
3
24
24
8
671
47
68
10
140
13
8
38
24
141
103
8
8
205
52
5
8
8
5
295
53
159
14
157
22
115
64
16
3
124
95
78
37
15
139
5
20
614
349
271
16
11
91
8
581
9
185
11
19
108
69
26
143
127
24
22
8
7
144
331
15
8
3
15
5
1091
200
112
23
9
17
156
16
212
27
2
196
673
31
36
13
58
151
17
43
92
7
512
14
6
38
8
10
76
16
14
94
23
592
832
